
     1.000000    0.002500
     0.996179    0.003725
     0.990177    0.005559
     0.983811    0.007352
     0.977005    0.009170
     0.969749    0.011131
     0.962056    0.013212
     0.953957    0.015389
     0.945478    0.017637
     0.936647    0.019946
     0.927490    0.022305
     0.918038    0.024713
     0.908326    0.027166
     0.898394    0.029664
     0.888290    0.032199
     0.878055    0.034762
     0.867725    0.037340
     0.857327    0.039929
     0.846883    0.042517
     0.836410    0.045102
     0.825917    0.047677
     0.815412    0.050241
     0.804899    0.052790
     0.794381    0.055324
     0.783862    0.057842
     0.773343    0.060343
     0.762825    0.062826
     0.752311    0.065290
     0.741803    0.067735
     0.731305    0.070161
     0.720818    0.072564
     0.710347    0.074945
     0.699897    0.077303
     0.689472    0.079632
     0.679075    0.081933
     0.668708    0.084199
     0.658373    0.086433
     0.648071    0.088629
     0.637806    0.090786
     0.627576    0.092901
     0.617386    0.094975
     0.607239    0.097002
     0.597137    0.098982
     0.587086    0.100913
     0.577093    0.102789
     0.567161    0.104609
     0.557293    0.106365
     0.547491    0.108056
     0.537755    0.109677
     0.528084    0.111225
     0.518477    0.112699
     0.508933    0.114093
     0.499448    0.115408
     0.490022    0.116640
     0.480651    0.117786
     0.471332    0.118846
     0.462060    0.119816
     0.452832    0.120697
     0.443642    0.121486
     0.434484    0.122182
     0.425356    0.122787
     0.416255    0.123300
     0.407179    0.123723
     0.398129    0.124052
     0.389101    0.124289
     0.380097    0.124434
     0.371117    0.124484
     0.362158    0.124440
     0.353222    0.124302
     0.344308    0.124069
     0.335414    0.123739
     0.326541    0.123313
     0.317686    0.122790
     0.308848    0.122168
     0.300025    0.121448
     0.291217    0.120633
     0.282425    0.119721
     0.273649    0.118714
     0.264891    0.117611
     0.256155    0.116415
     0.247443    0.115126
     0.238762    0.113747
     0.230116    0.112278
     0.221512    0.110723
     0.212961    0.109084
     0.204472    0.107365
     0.196060    0.105569
     0.187737    0.103700
     0.179520    0.101760
     0.171420    0.099751
     0.163451    0.097675
     0.155627    0.095538
     0.147959    0.093342
     0.140461    0.091095
     0.133148    0.088803
     0.126034    0.086475
     0.119134    0.084119
     0.112461    0.081746
     0.106029    0.079368
     0.099851    0.076993
     0.093934    0.074632
     0.088284    0.072291
     0.082904    0.069979
     0.077793    0.067703
     0.072947    0.065469
     0.068358    0.063283
     0.064021    0.061150
     0.059926    0.059071
     0.056060    0.057050
     0.052413    0.055088
     0.048972    0.053187
     0.045725    0.051346
     0.042663    0.049560
     0.039775    0.047824
     0.037051    0.046132
     0.034481    0.044480
     0.032054    0.042864
     0.029761    0.041281
     0.027593    0.039728
     0.025543    0.038204
     0.023601    0.036706
     0.021763    0.035234
     0.020020    0.033785
     0.018368    0.032360
     0.016801    0.030957
     0.015313    0.029577
     0.013900    0.028217
     0.012559    0.026878
     0.011290    0.025555
     0.010092    0.024244
     0.008965    0.022944
     0.007909    0.021650
     0.006923    0.020360
     0.006009    0.019073
     0.005167    0.017787
     0.004396    0.016499
     0.003696    0.015212
     0.003066    0.013926
     0.002507    0.012644
     0.002017    0.011368
     0.001594    0.010098
     0.001233    0.008837
     0.000926    0.007586
     0.000668    0.006347
     0.000452    0.005119
     0.000275    0.003902
     0.000137    0.002698
     0.000045    0.001506
     0.000002    0.000323
     0.000016   -0.000853
     0.000091   -0.002024
     0.000236   -0.003195
     0.000451   -0.004369
     0.000738   -0.005548
     0.001097   -0.006732
     0.001530   -0.007920
     0.002036   -0.009110
     0.002616   -0.010296
     0.003269   -0.011478
     0.003991   -0.012655
     0.004780   -0.013827
     0.005631   -0.014996
     0.006542   -0.016162
     0.007512   -0.017328
     0.008543   -0.018496
     0.009635   -0.019668
     0.010787   -0.020846
     0.012001   -0.022031
     0.013278   -0.023223
     0.014621   -0.024420
     0.016036   -0.025622
     0.017524   -0.026828
     0.019092   -0.028038
     0.020743   -0.029252
     0.022481   -0.030470
     0.024313   -0.031692
     0.026242   -0.032918
     0.028276   -0.034150
     0.030421   -0.035389
     0.032683   -0.036637
     0.035072   -0.037895
     0.037594   -0.039169
     0.040259   -0.040463
     0.043076   -0.041782
     0.046054   -0.043132
     0.049201   -0.044519
     0.052530   -0.045942
     0.056054   -0.047401
     0.059784   -0.048895
     0.063733   -0.050424
     0.067914   -0.051984
     0.072340   -0.053574
     0.077022   -0.055190
     0.081969   -0.056829
     0.087191   -0.058486
     0.092691   -0.060155
     0.098474   -0.061832
     0.104538   -0.063511
     0.110876   -0.065186
     0.117480   -0.066847
     0.124335   -0.068487
     0.131427   -0.070092
     0.138739   -0.071656
     0.146253   -0.073168
     0.153951   -0.074622
     0.161818   -0.076009
     0.169838   -0.077326
     0.177995   -0.078568
     0.186277   -0.079731
     0.194669   -0.080814
     0.203162   -0.081813
     0.211742   -0.082729
     0.220398   -0.083559
     0.229123   -0.084302
     0.237907   -0.084957
     0.246744   -0.085523
     0.255630   -0.086000
     0.264560   -0.086387
     0.273530   -0.086684
     0.282537   -0.086893
     0.291576   -0.087013
     0.300647   -0.087044
     0.309746   -0.086987
     0.318871   -0.086844
     0.328019   -0.086613
     0.337189   -0.086296
     0.346378   -0.085894
     0.355584   -0.085407
     0.364807   -0.084834
     0.374045   -0.084177
     0.383297   -0.083435
     0.392563   -0.082610
     0.401842   -0.081701
     0.411135   -0.080709
     0.420442   -0.079635
     0.429764   -0.078477
     0.439103   -0.077237
     0.448460   -0.075913
     0.457840   -0.074506
     0.467247   -0.073017
     0.476684   -0.071445
     0.486159   -0.069792
     0.495671   -0.068060
     0.505225   -0.066250
     0.514825   -0.064364
     0.524471   -0.062405
     0.534166   -0.060373
     0.543911   -0.058271
     0.553710   -0.056101
     0.563564   -0.053864
     0.573476   -0.051563
     0.583448   -0.049201
     0.593482   -0.046780
     0.603583   -0.044303
     0.613747   -0.041780
     0.623964   -0.039221
     0.634213   -0.036642
     0.644467   -0.034059
     0.654686   -0.031491
     0.664839   -0.028955
     0.674909   -0.026466
     0.684884   -0.024033
     0.694757   -0.021666
     0.704526   -0.019372
     0.714194   -0.017157
     0.723762   -0.015026
     0.733234   -0.012982
     0.742612   -0.011027
     0.751899   -0.009166
     0.761096   -0.007399
     0.770205   -0.005732
     0.779228   -0.004164
     0.788167   -0.002701
     0.797023   -0.001343
     0.805801   -0.000092
     0.814500    0.001049
     0.823124    0.002077
     0.831679    0.002991
     0.840168    0.003788
     0.848599    0.004465
     0.856980    0.005022
     0.865316    0.005458
     0.873616    0.005773
     0.881887    0.005967
     0.890133    0.006039
     0.898361    0.005993
     0.906572    0.005829
     0.914769    0.005554
     0.922938    0.005185
     0.931053    0.004732
     0.939082    0.004210
     0.946982    0.003627
     0.954710    0.002994
     0.962224    0.002317
     0.969490    0.001571
     0.976511    0.000744
     0.983286   -0.000136
     0.989799   -0.001035
     0.996024   -0.001924
     1.000000   -0.002500
