du_91_w2_250
 1.000002    0.003250
 0.995503    0.004546
 0.988434    0.006560
 0.980969    0.008648
 0.973094    0.010794
 0.964799    0.013003
 0.956081    0.015284
 0.946954    0.017645
 0.937441    0.020089
 0.927573    0.022607
 0.917384    0.025193
 0.906913    0.027838
 0.896200    0.030536
 0.885288    0.033276
 0.874214    0.036049
 0.863012    0.038846
 0.851711    0.041657
 0.840335    0.044475
 0.828905    0.047295
 0.817437    0.050111
 0.805943    0.052918
 0.794435    0.055714
 0.782921    0.058494
 0.771408    0.061255
 0.759901    0.063995
 0.748406    0.066712
 0.736925    0.069404
 0.725462    0.072067
 0.714022    0.074701
 0.702607    0.077304
 0.691221    0.079873
 0.679867    0.082405
 0.668547    0.084897
 0.657263    0.087347
 0.646015    0.089753
 0.634807    0.092113
 0.623639    0.094424
 0.612512    0.096685
 0.601431    0.098892
 0.590396    0.101044
 0.579411    0.103140
 0.568480    0.105175
 0.557607    0.107147
 0.546793    0.109051
 0.536039    0.110885
 0.525348    0.112645
 0.514719    0.114329
 0.504153    0.115935
 0.493653    0.117460
 0.483218    0.118901
 0.472850    0.120258
 0.462552    0.121527
 0.452325    0.122707
 0.442173    0.123797
 0.432099    0.124794
 0.422106    0.125694
 0.412196    0.126493
 0.402368    0.127190
 0.392622    0.127780
 0.382958    0.128262
 0.373372    0.128633
 0.363864    0.128891
 0.354431    0.129033
 0.345069    0.129058
 0.335775    0.128963
 0.326544    0.128746
 0.317370    0.128404
 0.308248    0.127935
 0.299170    0.127337
 0.290131    0.126613
 0.281126    0.125766
 0.272156    0.124797
 0.263220    0.123710
 0.254322    0.122507
 0.245467    0.121192
 0.236660    0.119768
 0.227911    0.118240
 0.219230    0.116613
 0.210631    0.114893
 0.202126    0.113086
 0.193734    0.111201
 0.185473    0.109247
 0.177362    0.107229
 0.169420    0.105152
 0.161662    0.103021
 0.154102    0.100841
 0.146753    0.098617
 0.139624    0.096357
 0.132723    0.094066
 0.126057    0.091753
 0.119631    0.089424
 0.113448    0.087087
 0.107510    0.084750
 0.101817    0.082418
 0.096366    0.080100
 0.091155    0.077801
 0.086178    0.075527
 0.081430    0.073283
 0.076903    0.071073
 0.072591    0.068902
 0.068484    0.066772
 0.064574    0.064686
 0.060852    0.062645
 0.057308    0.060652
 0.053933    0.058706
 0.050718    0.056809
 0.047654    0.054960
 0.044733    0.053158
 0.041946    0.051404
 0.039286    0.049696
 0.036744    0.048034
 0.034315    0.046414
 0.031997    0.044830
 0.029785    0.043276
 0.027676    0.041745
 0.025667    0.040234
 0.023753    0.038738
 0.021932    0.037253
 0.020201    0.035778
 0.018556    0.034310
 0.016994    0.032847
 0.015514    0.031388
 0.014112    0.029933
 0.012786    0.028480
 0.011535    0.027030
 0.010355    0.025581
 0.009246    0.024135
 0.008204    0.022692
 0.007228    0.021252
 0.006316    0.019817
 0.005467    0.018387
 0.004680    0.016964
 0.003953    0.015546
 0.003287    0.014133
 0.002679    0.012725
 0.002131    0.011321
 0.001645    0.009922
 0.001221    0.008530
 0.000861    0.007149
 0.000566    0.005782
 0.000334    0.004433
 0.000165    0.003102
 0.000055    0.001788
 0.000004    0.000484
 0.000012   -0.000815
 0.000076   -0.002120
 0.000195   -0.003439
 0.000365   -0.004778
 0.000587   -0.006140
 0.000856   -0.007527
 0.001172   -0.008933
 0.001537   -0.010356
 0.001955   -0.011790
 0.002428   -0.013234
 0.002961   -0.014684
 0.003556   -0.016142
 0.004213   -0.017608
 0.004935   -0.019083
 0.005722   -0.020565
 0.006574   -0.022056
 0.007490   -0.023553
 0.008471   -0.025059
 0.009517   -0.026575
 0.010626   -0.028100
 0.011801   -0.029639
 0.013040   -0.031191
 0.014344   -0.032760
 0.015714   -0.034347
 0.017152   -0.035950
 0.018663   -0.037572
 0.020249   -0.039210
 0.021914   -0.040866
 0.023662   -0.042540
 0.025497   -0.044231
 0.027423   -0.045941
 0.029443   -0.047669
 0.031563   -0.049416
 0.033788   -0.051182
 0.036122   -0.052969
 0.038571   -0.054777
 0.041141   -0.056607
 0.043836   -0.058461
 0.046662   -0.060339
 0.049626   -0.062242
 0.052736   -0.064169
 0.055998   -0.066120
 0.059421   -0.068092
 0.063014   -0.070085
 0.066784   -0.072097
 0.070740   -0.074128
 0.074891   -0.076174
 0.079244   -0.078235
 0.083808   -0.080309
 0.088590   -0.082394
 0.093596   -0.084487
 0.098831   -0.086588
 0.104298   -0.088694
 0.109996   -0.090802
 0.115923   -0.092908
 0.122075   -0.095001
 0.128447   -0.097073
 0.135032   -0.099114
 0.141822   -0.101113
 0.148806   -0.103062
 0.155976   -0.104950
 0.163319   -0.106770
 0.170824   -0.108513
 0.178481   -0.110173
 0.186279   -0.111742
 0.194207   -0.113216
 0.202256   -0.114589
 0.210416   -0.115856
 0.218679   -0.117015
 0.227038   -0.118063
 0.235484   -0.118996
 0.244012   -0.119814
 0.252615   -0.120515
 0.261289   -0.121097
 0.270027   -0.121559
 0.278825   -0.121902
 0.287679   -0.122125
 0.296585   -0.122227
 0.305539   -0.122209
 0.314537   -0.122070
 0.323576   -0.121812
 0.332653   -0.121433
 0.341764   -0.120935
 0.350907   -0.120317
 0.360080   -0.119580
 0.369280   -0.118723
 0.378506   -0.117747
 0.387757   -0.116652
 0.397032   -0.115438
 0.406331   -0.114105
 0.415653   -0.112654
 0.424999   -0.111084
 0.434370   -0.109395
 0.443769   -0.107586
 0.453199   -0.105657
 0.462663   -0.103605
 0.472167   -0.101433
 0.481718   -0.099139
 0.491319   -0.096727
 0.500976   -0.094196
 0.510692   -0.091550
 0.520472   -0.088790
 0.530318   -0.085917
 0.540235   -0.082934
 0.550225   -0.079845
 0.560291   -0.076650
 0.570435   -0.073355
 0.580658   -0.069963
 0.590961   -0.066478
 0.601343   -0.062907
 0.611800   -0.059262
 0.622320   -0.055561
 0.632878   -0.051825
 0.643439   -0.048080
 0.653955   -0.044358
 0.664390   -0.040685
 0.674716   -0.037084
 0.684916   -0.033571
 0.694979   -0.030161
 0.704901   -0.026865
 0.714678   -0.023692
 0.724310   -0.020647
 0.733801   -0.017739
 0.743154   -0.014972
 0.752376   -0.012349
 0.761472   -0.009874
 0.770449   -0.007549
 0.779316   -0.005376
 0.788078   -0.003356
 0.796744   -0.001489
 0.805321    0.000222
 0.813816    0.001778
 0.822238    0.003177
 0.830594    0.004420
 0.838891    0.005510
 0.847132    0.006446
 0.855323    0.007231
 0.863466    0.007865
 0.871566    0.008347
 0.879624    0.008679
 0.887643    0.008859
 0.895628    0.008887
 0.903581    0.008760
 0.911508    0.008480
 0.919411    0.008051
 0.927289    0.007479
 0.935139    0.006771
 0.942956    0.005933
 0.950728    0.004972
 0.958444    0.003896
 0.966091    0.002718
 0.973647    0.001466
 0.981082    0.000173
 0.988355   -0.001128
 0.995421   -0.002411
 0.999998   -0.003250